49 Lottery Ticket
Encore Number: 1000432

12 08 16 38 13 46 
10 13 49 33 46 48 
07 33 23 42 31 27 
46 14 33 31 25 01 
07 23 45 46 01 37 
35 24 31 48 30 12 
10 35 12 23 25 33 
26 12 06 31 25 16 
48 20 07 02 25 39 
12 43 21 34 17 31 
21 40 12 23 02 39 
37 20 03 45 07 35 
02 27 29 01 11 14 
21 24 23 34 49 03 
38 19 29 01 08 12 
49 12 31 21 32 07 
35 21 28 07 29 08 
30 36 11 26 17 04 
15 33 49 35 13 34 
02 12 15 25 24 45 
31 28 20 07 41 13 
17 07 14 42 08 35 
08 22 30 40 19 33 
12 24 44 13 45 07 
02 40 11 05 15 12 
44 12 16 25 01 41 
31 05 16 27 13 29 
09 35 42 31 12 02 
34 17 21 29 07 08 
49 04 21 08 36 19 
01 22 25 15 19 44 
23 44 11 05 29 17 
07 12 09 06 11 49 
05 27 11 30 46 28 
45 12 10 44 27 06 
29 41 08 43 47 38 
16 29 22 12 07 39 
35 17 25 24 29 16 
40 34 30 45 14 46 
45 05 38 20 41 29 
45 35 16 38 46 05 
36 11 40 21 07 24 
10 33 01 17 41 20 
46 45 36 04 08 29 
42 05 16 17 27 20 
30 06 27 18 26 40 
04 27 07 24 28 19 
09 06 19 24 02 27 
42 28 07 44 05 26 
23 36 41 20 11 32 
01 05 40 38 30 03 
36 26 49 32 29 23 
19 37 21 29 42 27 
20 36 10 13 21 29 
26 23 42 30 21 19 
32 12 39 27 10 25 
16 24 33 04 03 14 
38 27 10 49 03 25 
16 28 41 34 03 04 
19 02 15 37 23 13 
Total cost: $91.00
