49 Lottery Ticket
Encore Number: 0031711

23 10 15 43 02 34 
32 31 37 47 25 07 
40 08 16 35 27 41 
04 33 24 20 10 29 
39 32 35 15 46 43 
44 19 29 33 27 25 
02 37 20 11 19 28 
17 39 01 49 18 35 
49 39 06 05 46 11 
12 18 48 11 17 24 
42 33 46 28 24 39 
24 11 42 08 32 16 
27 25 18 37 22 14 
30 46 26 31 21 48 
08 16 23 20 11 10 
13 48 47 32 34 23 
01 07 35 24 47 05 
16 07 26 14 01 23 
46 42 17 37 12 28 
08 20 26 28 34 23 
27 26 39 03 25 33 
17 37 01 29 04 06 
24 48 09 14 47 28 
33 32 14 34 49 03 
15 10 02 49 13 33 
01 27 09 08 19 13 
28 23 46 02 05 26 
40 20 38 14 44 36 
35 11 17 43 20 42 
30 31 36 29 18 23 
09 02 28 38 46 20 
21 17 13 24 05 42 
21 22 38 07 34 26 
06 03 08 37 10 38 
46 48 08 03 05 14 
22 28 10 07 47 24 
37 47 43 18 16 01 
35 27 38 21 08 20 
32 36 39 26 30 28 
02 40 17 27 05 21 
18 26 08 19 24 31 
04 14 22 38 26 46 
30 11 38 12 05 15 
20 18 02 42 32 36 
02 15 18 10 30 45 
25 05 16 15 01 43 
23 30 34 28 14 26 
26 27 20 05 47 39 
08 27 29 47 14 32 
11 37 09 35 30 43 
48 10 30 20 29 31 
07 21 36 16 33 05 
46 28 34 43 11 02 
42 34 16 12 31 46 
35 34 05 47 22 12 
27 07 28 35 19 03 
02 04 48 15 03 26 
15 40 05 18 03 04 
30 49 28 29 45 47 
39 02 24 49 20 40 
Total cost: $91.00
